361 851
308 140
874 730
217 107
268 159
422 753
673 512
523 867
433 810
579 374
676 291
669 708
113 761
95 620
33 629
821 22
410 720
982 839
712 829
161 470
959 107
72 924
680 1
236 714
744 184
956 737
902 22
818 552
56 955
328 646
926 484
443 166
666 72
377 898
216 594
354 100
817 856
994 602
995 683
401 195
328 749
656 183
525 376
868 335
347 438
88 213
997 506
326 736
225 57
484 45
469 674
557 809
710 17
387 49
976 921
568 344
251 315
730 53
72 567
398 854
377 846
510 170
792 276
409 617
280 621
878 738
219 555
619 376
91 835
877 239
45 884
412 915
242 598
995 38
54 27
978 713
940 469
925 537
290 62
150 147
70 219
818 291
263 638
997 317
323 32
3 947
123 925
623 114
254 518
837 92
129 206
20 421
130 725
78 55
381 542
108 285
223 944
260 912
576 198
85 490
978 783
920 900
440 297
635 784
132 987
305 791
250 473
40 252
227 800
582 568
522 688
638 40
213 36
613 228
88 755
587 483
859 524
351 337
581 441
751 407
219 763
950 209
64 745
865 435
94 973
905 385
303 795
67 92
277 660
916 55
96 794
118 866
583 272
854 206
64 403
492 724
749 821
448 50
577 175
367 523
325 868
832 744
533 475
484 369
881 62
77 859
753 937
860 832
651 283
435 476
302 318
327 285
580 345
525 288
739 202
382 563
327 141
178 72
227 863
650 454
141 917
979 564
494 374
514 749
805 286
892 936
796 610
280 226
216 436
934 379
334 739
989 714
685 162
991 877
986 768
773 298
853 621
637 96
142 16
147 465
251 946
659 838
875 532
468 505
613 755
952 383
333 773
437 780
22 203
796 505
91 610
740 205
412 580
762 664
76 287
811 603
271 429
482 155
6 744
749 172
241 552
565 949
425 208
694 161
231 388
743 235
51 463
231 658
675 850
811 981
289 717
549 583
941 321
457 663
689 42
110 50
357 366
937 299
306 208
553 634
876 940
440 372
467 576
46 605
140 842
350 994
505 267
61 619
663 588
488 875
211 550
881 894
765 48
349 301
187 14
299 698
547 800
711 400
550 225
164 51
741 200
686 283
492 676
574 272
804 36
562 639
375 580
780 474
373 639
521 39
469 593
738 264
125 145
461 920
980 722
697 772
344 986
288 621
114 869
75 514
620 965
239 998
661 209
287 891
442 747
397 794
480 973
962 855
571 208
227 463
398 694
733 686
424 552
973 7
262 489
717 369
530 923
420 923
307 812
46 734
971 44
748 667
294 218
362 390
312 771
996 4
835 789
49 112
679 822
554 294
714 7
159 866
249 510
344 347
118 255
835 457
22 884
288 275
825 818
652 566
668 350
900 608
909 293
134 518
601 643
815 394
362 399
816 166
13 615
262 127
466 137
301 372
999 514
696 254
987 377
898 483
663 531
534 420
956 660
660 844
11 915
927 763
68 500
713 495
893 396
856 847
636 60
23 285
655 227
265 433
222 260
546 845
648 610
857 60
800 741
525 797
124 389
161 942
784 997
240 177
185 164
747 835
488 165
601 565
286 915
667 558
60 354
67 150
825 411
944 695
823 283
55 446
458 630
300 32
566 191
21 526
580 776
941 86
16 713
428 833
992 212
502 195
354 234
258 468
30 259
313 714
146 622
561 428
245 22
894 965
658 772
298 919
901 80
847 942
907 303
64 792
888 297
899 465
627 389
316 413
464 423
774 593
944 35
220 979
387 400
576 924
864 720
958 380
266 465
749 70
984 600
741 821
559 46
99 301
892 851
1 823
463 140
534 369
557 96
909 199
316 985
927 702
633 584
590 72
146 408
706 218
967 678
878 390
420 308
198 814
486 820
25 450
850 181
70 501
88 406
601 25
446 388
69 448
460 527
317 735
784 447
381 47
511 955
664 753
828 664
28 226
474 131
239 582
572 853
40 69
562 677
660 577
63 220
266 92
748 776
6 4
581 819
701 105
768 815
295 785
913 21
536 492
950 999
460 711
486 873
153 373
358 30
464 556
841 124
637 939
496 612
356 575
525 541
924 227
839 827
323 306
633 823
23 319
455 788
762 245
100 343
982 228
345 114
869 238
870 560
314 613
583 246
130 736
72 493
347 308
433 528
80 999
4 847
687 568
27 600
329 79
65 568
513 369
450 227
732 905
566 375
56 790
897 577
845 89
607 300
454 787
591 128
861 489
783 845
724 553
521 197
371 108
678 216
347 935
100 144
850 750
102 87
369 727
437 884
32 512
864 62
792 265
189 550
526 455
946 294
913 741
970 815
459 346
176 571
413 884
491 881
231 671
600 458
26 173
499 46
427 454
26 970
986 545
865 301
318 756
374 322
49 852
44 7
382 808
836 698
895 602
142 985
888 82
132 658
219 591
48 636
735 728
372 54
966 577
605 416
688 498
744 366
936 96
9 556
827 406
4 218
395 522
734 364
313 796
527 864
7 237
25 564
330 547
205 828
505 859
422 345
97 240
736 323
335 336
374 137
825 736
80 568
292 268
642 272
205 405
664 72
763 184
245 112
846 405
54 586
107 732
333 829
331 900
640 298
190 147
586 249
800 974
276 891
41 679
801 218
267 901
802 990
861 517
363 743
782 740
299 960
832 243
164 142
211 397
987 217
104 156
377 930
539 686
90 19
748 726
644 579
962 579
472 213
118 472
809 817
967 269
19 213
174 985
111 362
464 152
293 36
936 320
381 606
602 794
424 255
907 688
321 849
500 807
243 689
333 342
839 968
320 656
461 614
985 395
158 702
92 877
73 155
51 100
700 636
21 478
817 431
526 471
135 736
158 656
603 270
782 424
998 939
689 790
922 326
636 369
854 522
211 420
746 28
663 114
400 321
97 877
515 84
606 937
909 20
73 228
691 183
248 560
884 492
523 199
131 636
171 567
541 656
910 632
920 358
157 65
252 379
846 307
310 219
806 695
461 658
121 36
581 239
966 931
134 103
821 168
152 634
631 469
952 79
400 905
224 661
842 40
448 139
582 692
136 512
34 943
719 277
957 834
72 513
604 748
424 80
964 309
965 742
776 31
186 760
273 488
383 730
769 670
607 36
279 48
747 870
182 365
511 248
631 972
696 884
782 36
803 370
514 738
935 43
248 468
641 627
458 135
250 789
202 39
161 156
79 942
46 465
32 603
640 430
219 130
999 259
133 638
860 277
433 170
991 652
309 941
879 192
128 894
544 3
592 968
211 771
353 769
871 671
617 235
370 78
539 825
48 751
504 140
483 44
9 792
323 555
375 104
800 373
401 607
977 766
115 811
675 239
387 581
289 906
252 739
740 444
241 408
213 863
82 607
672 243
592 3
701 666
162 873
833 782
519 319
466 614
745 898
139 607
664 8
780 590
803 87
819 361
361 181
999 968
660 697
998 869
944 399
770 251
494 613
728 699
176 973
756 995
683 579
458 784
277 349
422 492
836 132
254 884
298 896
3 335
444 362
906 321
244 591
791 600
877 484
429 292
421 309
690 688
347 390
465 834
558 360
763 172
478 370
424 520
973 142
674 629
847 2
849 936
338 763
669 848
468 642
594 815
669 231
746 555
318 159
595 962
537 226
934 754
368 242
250 616
248 863
881 681
616 558
785 598
721 957
686 594
750 718
712 143
435 130
708 312
960 684
830 252
934 622
627 391
552 808
429 561
201 71
760 63
418 881
328 945
62 980
785 45
87 130
69 782
956 534
39 550
842 37
868 692
889 343
650 389
574 814
455 119
94 344
476 412
973 904
611 324
991 165
2 20
804 126
723 767
589 960
732 927
22 870
504 875
624 29
46 501
812 518
14 87
559 37
628 845
685 974
551 700
8 862
502 24
932 25
208 389
329 888
448 415
689 576
210 638
803 565
222 452
823 552
577 83
669 666
576 145
307 18
588 36
148 358
338 481
836 500
223 769
324 392
346 216
278 232
557 86
625 872
996 79
529 872
888 656
435 847
544 303
97 609
24 512
901 347
853 639
541 529
686 601
211 593
7 648
641 254
696 621
985 159
673 847
946 124
678 216
263 96
429 13
85 60
187 313
872 983
357 4
680 380
234 863
615 783
124 654
706 854
540 260
452 337
815 375
981 288
567 181
555 114
200 199
585 478
739 718
503 302
837 850
528 636
963 97
780 482
937 40
403 83
473 735
765 791
943 367
874 838
388 280
106 459
915 887
112 730
403 302
641 61
351 356
983 707
958 738
310 522
536 506
543 722
280 346
471 106
719 391
693 426
529 859
496 92
539 480
649 491
439 32
130 123
630 822
506 627
898 654
248 633
440 606
543 283
749 867
736 627
891 509
753 594
29 323
84 709
955 732
532 727
628 343
969 522
437 911
147 926
568 40
380 865
912 204
304 583
473 46
102 36
671 931
896 891
628 185
950 524
618 500
753 202
951 635
16 400
778 475
928 504
452 311
388 770
619 705
659 839
311 925
372 370
770 445
847 709
778 657
22 265
222 281
871 445
43 9
586 871
13 884
79 52
841 274
832 5
472 185
218 544
813 76
906 719
540 791
268 767
97 4
894 376
492 874
302 914
652 693
80 349
862 809
909 352
498 131
901 392
955 311
180 888
160 216
245 659
700 814
447 444
343 608
556 497
569 683
529 393
566 412
342 393
922 653
67 630
282 984
243 549
270 940
460 239
795 342
895 972
228 243
301 873
165 772
598 30
40 302
687 647
446 931
81 69
635 140
9 232
553 562
130 652
387 850
8 918
705 212
224 362
875 665
267 711
580 297
868 652
931 105
132 486
571 751
900 372
28 596
223 84
191 464
528 770
206 830
904 285
253 452
229 319
986 28
570 993
445 710
913 981
674 691
749 189
751 33
135 571
426 948
591 790
789 166
921 278
729 299
480 440
455 582
568 550
682 87
650 411
547 815
578 13
166 695
616 538
889 955
282 741
657 741
842 890
485 584
218 533
898 692
375 93
273 104
114 999
934 942
985 160
248 302
543 896
941 969
586 430
517 259
372 408
986 865
751 624
654 841
405 282
430 634
815 248
415 332
352 17
611 826
20 458
720 705
398 662
405 779
762 355
119 732
568 139
976 32
721 439
236 983
994 884
747 405
653 109
655 208
111 739
400 619
555 113
76 758
733 173
143 801
775 68
775 528
682 357
232 181
13 370
371 322
430 668
902 796
579 709
580 779
954 849
568 797
769 921
117 523
850 602
724 532
346 437
404 783
344 316
662 738
711 585
285 382
476 171
736 630
453 228
953 637
558 888
166 869
547 159
618 14
967 282
818 573
933 70
501 899
300 847
715 329
133 387
453 54
878 263
221 831
627 540
314 839
144 915
6 256
256 145
907 968
281 982
188 243
145 934
889 521
824 118
414 959
600 383
333 316
512 467
764 324
527 882
249 89
621 277
474 180
927 841
516 682
575 200
962 246
457 716
837 336
143 453
792 67
761 199
508 853
605 425
242 789
783 468
439 969
611 294
338 313
673 841
326 322
373 619
396 717
16 378
504 528
525 725
570 756
994 91
5 812
291 84
538 326
315 4
856 987
449 832
611 309
595 113
472 933
190 248
951 659
138 954
745 215
873 895
54 134
517 338
595 317
254 441
903 601
185 916
574 288
954 470
717 910
37 528
135 17
540 623
405 688
895 142
410 244
386 659
327 701
722 585
688 79
641 562
738 419
939 114
953 591
177 502
942 955
916 941
634 715
80 315
112 903
844 689
633 541
460 466
362 339
930 405
885 249
997 8
571 154
765 136
226 944
551 471
505 40
550 512
29 372
432 964
617 367
425 541
358 729
342 879
890 134
571 655
755 654
163 431
490 971
746 590
705 930
373 380
705 442
468 378
309 200
670 354
85 572
877 837
80 318
395 847
424 246
608 713
444 889
703 292
352 676
308 735
722 921
866 444
473 209
497 948
351 186
250 501
456 360
360 114
304 8
788 822
941 631
830 36
211 339
980 858
453 337
515 74
541 624
106 497
676 971
760 18
814 424
979 173
326 361
27 238
947 86
27 747
599 716
574 953
176 581
117 440
442 980
136 585
866 719
449 361
285 97
783 579
760 761
295 407
642 800
621 27
860 243
133 882
793 531
83 82
686 100
596 229
958 438
772 58
32 692
88 570
446 420
610 911
984 440
285 173
126 218
930 989
412 100
817 552
683 147
34 766
383 827
646 127
85 892
855 722
699 675
214 191
816 839
235 827
156 396
498 609
287 989
917 184
311 514
14 189
386 198
983 506
720 383
227 609
295 38
265 412
414 17
212 223
236 953
94 306
224 73
474 371
80 782
812 622
162 784
18 798
905 537
362 989
718 941
613 593
894 434
400 160
424 71
374 381
399 28
413 160
693 185
331 848
363 45
510 732
187 662
417 274
576 894
806 825
733 395
569 255
374 947
517 879
824 904
75 952
978 584
29 749
764 304
148 247
232 76
496 445
480 978
454 710
200 667
489 781
740 688
248 420
296 975
903 684
352 507
294 503
328 352
558 357
747 141
977 558
968 222
14 883
579 789
170 52
33 983
215 757
314 212
768 977
747 614
454 647
79 166
345 570
555 762
199 865
885 815
736 914
465 303
676 20
2 235
682 806
647 617
718 196
208 505
835 356
689 357
311 439
215 64
512 729
698 200
902 620
613 838
323 889
795 84
200 599
264 412
848 280
488 779
293 40
964 421
889 828
550 446
204 703
491 85
484 270
80 651
71 111
672 257
71 316
214 248
436 556
956 78
505 73
722 951
39 702
787 376
725 765
277 760
64 39
248 157
506 438
325 285
786 530
422 293
544 831
972 292
995 478
620 888
379 143
52 686
640 972
237 994
350 395
936 921
362 828
138 629
790 213
883 144
308 368
933 457
957 50
404 41
219 397
321 828
748 538
222 628
441 151
318 220
477 906
478 298
410 596
680 52
228 132
964 426
723 658
603 949
444 317
839 620
237 810
73 215
869 261
801 630
290 509
945 999
412 973
980 205
505 144
245 762
713 865
131 96
94 470
273 302
60 471
419 628
491 223
654 331
388 132
719 571
342 382
627 158
938 996
852 455
768 508
449 147
4 298
264 452
806 331
877 314
745 827
958 193
486 72
950 898
321 711
144 336
270 466
46 508
867 64
296 425
509 14
837 919
431 297
313 445
797 13
281 288
620 173
747 12
508 372
622 840
674 63
529 260
606 235
99 332
305 770
650 216
948 565
604 960
41 394
517 329
25 350
401 833
539 15
331 272
226 767
431 168
682 240
768 183
656 968
878 513
923 810
86 681
682 682
95 815
851 813
272 887
720 978
19 214
158 788
837 662
641 942
877 488
962 527
301 991
512 514
123 932
513 662
419 891
428 798
876 686
394 101
467 903
301 45
951 902
839 80
265 430
777 612
352 429
70 94
760 637
365 486
458 265
195 487
116 296
540 263
62 146
481 15
895 885
508 974
267 199
135 36
263 576
550 447
744 220
588 814
986 679
470 827
492 62
217 414
559 135
34 890
783 606
570 287
483 908
398 326
531 250
234 949
226 313
378 366
485 477
507 493
671 712
555 302
729 21
280 972
958 890
707 274
905 157
761 142
327 502
642 814
962 168
627 16
208 204
434 223
199 225
673 744
515 537
689 531
386 930
671 262
742 278
942 409
650 836
734 741
271 169
622 577
634 75
734 885
832 513
947 980
733 402
807 681
828 873
802 773
429 687
593 705
891 17
55 499
833 376
283 937
149 767
36 554
183 973
402 671
265 74
177 311
731 410
390 32
824 308
976 680
750 65
864 647
866 820
261 981
496 169
909 443
799 952
452 159
31 22
867 631
358 746
369 345
79 428
586 604
815 110
766 482
392 526
984 885
319 553
980 996
127 735
831 809
466 747
645 455
124 913
461 631
295 779
945 659
89 365
883 504
730 484
260 321
43 988
393 24
806 329
763 320
460 642
721 978
591 4
537 970
259 553
390 685
372 20
232 160
611 464
395 463
743 466
99 982
236 984
967 177
957 734
662 978
566 690
524 983
799 698
244 720
552 202
863 866
894 21
644 539
235 538
134 924
949 699
547 37
243 221
86 314
659 173
564 581
588 67
700 982
733 285
926 990
781 519
466 837
638 760
321 142
917 639
310 918
465 901
866 382
280 144
25 750
676 625
58 774
788 702
95 683
975 37
434 516
802 239
412 257
813 72
746 468
241 601
58 648
285 791
805 430
383 981
172 741
363 157
208 212
122 281
411 185
216 987
381 359
998 336
172 130
558 63
521 748
450 461
128 476
942 867
855 603
575 611
777 414
521 181
648 565
968 359
751 215
909 114
184 369
214 155
534 709
446 314
428 45
634 339
416 317
606 117
509 360
479 469
356 851
575 509
257 772
639 364
33 978
897 724
46 884
800 575
512 116
997 623
776 620
108 387
897 426
399 959
52 913
901 37
100 995
480 182
862 395
865 688
58 227
660 624
490 466
143 334
680 643
745 915
778 566
470 759
994 253
506 417
85 724
298 201
181 133
445 27
362 640
961 94
980 276
225 753
757 752
460 174
184 760
362 966
603 437
566 549
851 449
144 966
468 139
217 682
743 179
553 116
940 697
248 946
558 422
84 630
281 691
599 517
84 916
513 140
560 581
709 877
159 271
564 844
253 196
892 192
900 451
365 196
792 964
77 18
548 819
304 974
66 709
508 193
806 340
370 574
904 758
714 135
965 935
686 961
899 173
774 974
54 822
810 770
518 605
179 273
744 904
525 849
846 482
12 672
33 580
403 922
127 149
839 180
646 917
364 175
738 958
765 567
109 247
859 978
261 908
350 639
369 339
634 887
431 403
455 474
72 341
80 863
994 123
630 959
821 932
93 368
175 910
29 918
852 447
323 593
643 16
148 628
269 525
611 677
586 729
349 628
223 117
681 437
514 600
831 174
833 578
549 542
361 527
352 595
445 218
420 445
88 902
671 948
331 991
293 790
165 23
774 399
327 106
111 405
231 422
331 578
136 716
487 507
892 202
421 262
580 947
651 446
842 563
714 337
733 717
696 406
739 985
752 404
621 502
454 577
455 784
13 518
168 88
881 795
809 994
571 39
683 433
168 642
875 535
748 116
164 148
594 170
119 847
96 754
74 793
409 188
890 302
396 92
791 973
436 503
442 303
20 730
184 43
454 341
323 504
895 280
352 89
410 760
457 153
68 495
487 550
428 838
165 980
351 715
896 336
173 710
467 405
379 383
345 418
431 854
992 230
975 819
648 187
662 734
460 456
718 795
826 377
635 169
625 655
971 758
936 732
380 863
415 329
103 876
931 813
477 118
379 27
338 809
149 580
131 350
832 653
509 994
532 163
859 255
123 912
488 821
177 990
600 105
504 937
698 361
987 339
96 259
968 697
799 587
677 32
77 970
65 545
985 895
99 889
340 147
622 536
45 888
16 455
95 270
179 140
912 209
245 617
667 300
346 989
69 351
561 701
594 861
172 995
786 750
217 220
429 645
467 689
976 37
181 326
741 445
822 376
455 102
380 223
597 532
926 384
268 251
25 204
257 427
659 861
733 241
327 529
570 352
171 938
658 685
190 536
786 325
582 637
359 248
104 800
256 64
779 416
248 971
25 342
497 814
265 887
862 665
661 325
421 758
394 141
838 825
768 25
904 967
401 281
719 360
617 588
975 622
322 511
347 440
613 652
59 429
515 868
998 493
351 960
970 555
39 287
426 165
324 976
259 528
49 307
44 86
375 99
280 731
616 993
334 774
950 704
372 318
353 431
944 139
474 85
592 221
950 825
545 177
265 933
669 872
342 696
677 12
843 507
717 483
491 360
677 181
11 650
538 579
355 728
797 883
711 239
164 409
55 753
6 211
197 556
30 919
371 795
378 911
693 23
925 865
120 935
530 16
926 776
977 505
545 68
287 3
480 146
497 50
832 997
855 533
996 84
80 712
994 347
153 646
190 188
510 283
278 947
314 145
573 256
730 140
260 23
935 231
632 162
634 426
103 526
45 881
526 420
774 221
898 919
654 323
783 51
832 355
650 655
393 488
863 980
277 288
816 774
211 106
844 303
658 899
187 679
786 882
995 48
73 906
155 765
796 546
853 179
710 767
725 565
16 596
575 67
337 206
162 572
712 625
497 944
744 113
853 354
790 65
793 658
672 474
511 136
51 798
502 293
330 367
324 428
492 12
876 953
316 801
780 497
560 303
155 28
813 765
328 862
792 288
860 380
700 944
275 581
54 62
27 589
849 279
350 497
45 339
548 32
846 677
210 996
32 961
27 969
501 548
251 115
294 973
69 444
202 500
887 152
946 487
948 698
220 624
73 764
213 646
421 472
876 353
728 614
212 774
148 659
934 384
4 308
278 761
889 574
687 374
850 824
890 253
414 45
90 161
487 28
568 596
602 6
75 494
667 420
713 491
465 565
672 781
130 723
606 520
697 417
21 328
983 473
52 538
573 77
378 598
825 784
395 275
848 495
297 850
587 268
144 576
452 910
221 633
140 402
317 277
835 274
63 38
235 15
688 880
367 8
568 453
192 166
271 403
994 888
747 891
62 881
765 929
278 173
537 800
766 60
785 791
825 640
72 762
232 122
165 123
551 161
414 431
252 455
529 438
362 329
264 193
575 399
480 977
424 64
799 751
822 925
463 671
57 337
398 934
210 989
396 192
170 193
474 531
192 484
134 610
123 590
883 414
704 370
970 418
155 379
220 4
482 16
670 919
693 830
934 980
419 542
998 493
962 12
296 945
442 672
633 76
866 149
764 124
358 593
932 432
601 374
597 144
630 719
189 579
760 108
657 237
959 925
118 397
870 670
67 554
166 569
36 651
259 287
161 164
546 535
112 397
594 747
3 755
780 212
517 10
655 93
703 981
307 958
230 710
842 671
900 433
788 280
928 829
663 701
615 399
260 626
224 653
655 987
232 834
768 262
658 449
263 581
655 789
933 352
759 956
464 41
124 482
866 822
528 896
291 2
405 198
46 788
392 502
303 886
543 904
499 352
472 885
649 337
969 419
445 815
146 826
93 956
654 515
506 573
600 208
150 545
874 379
622 282
397 956
760 685
975 253
503 900
842 201
156 201
865 430
574 380
474 372
881 396
672 944
374 982
458 117
153 425
160 958
800 206
325 677
902 265
903 669
920 790
70 829
190 861
171 138
419 92
441 770
358 88
693 698
183 395
109 509
264 233
735 573
636 9
800 584
611 410
79 191
57 125
528 106
556 36
97 800
492 212
142 728
448 26
318 303
635 383
697 612
477 440
500 243
306 953
275 546
798 965
142 933
842 661
774 616
337 230
287 274
70 294
397 501
842 569
328 237
321 770
59 530
984 935
873 270
360 383
813 277
842 99
553 624
122 18
675 233
707 910
496 635
250 442
123 27
404 736
112 532
722 82
363 275
307 749
26 288
445 442
958 697
8 704
3 318
190 710
286 113
404 81
171 165
565 145
1 773
177 793
68 628
631 492
949 770
934 799
243 340
411 947
171 465
898 286
76 304
896 832
647 553
524 45
589 868
650 743
695 912
144 721
783 310
312 346
499 129
989 365
4 551
309 369
592 695
99 125
726 422
404 527
178 81
901 185
121 727
656 686
134 161
596 429
963 391
742 487
124 923
612 300
758 222
246 3
462 477
436 936
570 810
740 90
905 520
681 27
859 111
949 357
613 641
487 759
48 851
993 696
229 308
850 324
951 49
200 660
770 656
819 619
794 24
221 866
882 920
113 87
776 919
909 441
870 303
516 398
929 28
382 172
196 109
876 707
578 225
858 597
762 412
13 483
872 696
128 332
127 9
226 842
835 749
745 258
684 963
507 301
99 606
14 93
324 390
956 186
276 852
555 726
797 792
258 525
285 419
397 86
35 869
793 637
732 612
514 83
404 191
778 555
625 831
979 905
771 948
46 25
56 142
10 377
969 393
190 380
603 168
864 532
532 377
682 180
505 85
491 268
415 406
562 530
729 83
55 364
598 907
493 678
427 901
884 529
676 770
715 542
511 797
542 625
511 253
59 899
852 982
202 415
293 901
759 522
983 716
9 43
368 733
35 913
566 549
756 906
351 67
929 60
1 674
305 5
537 215
210 570
897 591
235 808
576 233
156 899
296 272
615 774
859 67
521 78
475 933
864 481
87 363
936 353
929 364
348 446
323 39
837 902
585 303
251 432
470 707
880 135
228 983
745 408
996 581
264 629
665 426
675 334
37 14
595 151
279 779
973 33
40 894
844 332
542 389
689 676
651 801
13 837
561 425
963 878
217 824
747 137
31 749
331 65
351 91
404 914
320 494
140 610
649 761
725 902
167 938
312 835
862 748
315 302
419 78
708 892
271 477
985 824
259 595
83 695
946 549
102 56
243 691
587 594
894 221
931 246
113 385
267 530
509 91
90 780
189 488
480 699
962 345
434 905
524 527
682 82
513 55
386 922
929 385
390 186
319 907
456 808
821 5
841 346
783 837
541 521
995 114
833 784
863 142
610 169
216 842
473 350
976 625
890 744
446 795
805 76
390 440
978 519
502 762
413 561
525 885
932 878
681 761
137 381
438 786
149 505
776 210
501 395
820 691
867 234
700 693
74 86
265 598
467 731
124 712
453 983
892 102
257 916
447 20
903 605
620 247
215 135
884 23
936 354
867 863
652 89
213 220
675 144
953 550
961 800
11 217
86 842
697 850
829 575
38 490
472 938
773 363
417 464
4 10
468 400
127 47
546 338
159 440
988 760
45 553
430 910
13 495
640 400
699 838
606 971
303 796
46 518
2 947
813 530
219 300
222 479
381 45
611 189
517 931
945 462
830 498
256 675
964 929
349 626
300 396
739 453
988 817
855 760
996 785
118 482
752 520
527 256
219 13
275 7
861 330
277 690
366 607
768 30
40 332
732 14
869 335
834 814
130 496
622 571
517 186
375 34
472 52
120 982
588 310
81 436
338 597
559 845
909 298
858 397
786 335
362 9
508 875
478 215
406 724
566 868
221 205
140 161
61 864
352 620
318 863
460 52
378 255
145 392
356 177
640 255
275 818
556 178
824 813
374 241
833 719
241 358
154 812
248 655
350 109
82 54
453 970
907 609
54 910
803 640
263 612
641 196
576 495
51 859
387 650
569 708
204 166
362 273
780 538
171 656
16 247
907 210
127 792
827 727
330 631
814 432
863 843
257 298
882 589
757 753
100 55
185 194
881 942
604 895
966 292
701 477
10 651
353 704
319 302
668 103
569 110
715 331
496 540
489 983
627 863
366 761
387 905
251 408
332 283
277 342
415 626
250 394
221 516
505 88
898 443
533 177
518 682
788 809
214 769
714 160
846 224
633 512
987 822
936 684
29 586
962 188
560 885
714 35
807 97
893 222
135 866
5 858
421 148
826 741
555 268
734 908
867 414
427 316
790 592
575 437
552 143
570 319
847 295
389 119
225 929
254 957
262 193
29 204
870 522
589 810
548 44
913 927
397 858
674 464
674 726
567 802
554 828
649 911
466 795
530 554
171 960
373 342
595 1
150 646
125 352
491 179
977 903
123 270
658 704
191 473
753 115
126 6
857 956
404 381
384 160
414 963
883 774
337 616
925 238
877 524
991 819
467 564
501 934
156 923
538 551
42 417
455 851
367 299
231 420
751 857
421 839
547 578
345 987
413 740
984 300
994 265
560 42
619 606
770 633
826 607
543 574
490 538
756 353
650 241
845 16
518 661
604 471
787 464
848 784
175 7
976 968
46 160
765 922
673 794
998 150
611 667
994 687
716 733
916 258
740 385
921 989
14 84
448 885
57 957
996 828
596 522
195 142
358 985
597 551
306 364
383 770
525 66
395 133
101 717
686 759
345 609
451 451
892 671
736 434
205 526
886 191
495 345
25 909
215 842
438 546
558 850
900 510
548 694
7 672
400 397
855 203
582 188
814 548
319 801
697 345
651 727
191 864
689 526
411 951
317 603
797 681
169 737
578 889
444 146
941 700
149 191
93 138
640 247
653 973
807 203
733 352
577 101
343 15
68 456
822 475
715 678
33 774
488 195
600 262
877 98
596 915
843 290
832 419
730 600
935 643
992 595
919 761
797 723
687 881
925 200
111 306
762 520
253 787
76 3
892 215
241 894
217 174
369 437
143 875
753 125
339 536
592 254
66 101
668 584
266 770
224 826
812 996
567 744
581 288
898 685
42 76
841 832
426 426
895 871
597 93
986 224
938 646
770 362
444 722
594 449
705 232
934 26
715 854
177 201
567 94
194 611
324 309
991 141
525 436
565 953
585 654
203 508
330 193
160 269
295 142
197 772
533 482
546 157
889 436
208 609
219 129
237 817
310 866
141 886
484 378
146 500
3 942
680 896
262 592
804 841
280 398
72 202
173 353
773 50
71 32
628 541
708 965
529 124
22 471
223 286
80 60
432 341
313 674
133 987
966 800
151 771
970 677
292 83
244 233
835 58
704 124
902 300
177 807
16 87
942 789
61 68
872 205
144 244
758 904
611 216
134 853
569 772
67 356
52 334
837 433
945 269
263 313
495 902
638 158
58 695
826 41
912 531
202 633
366 430
603 33
28 714
898 242
181 245
544 931
118 397
266 715
775 893
123 458
4 316
208 4
827 940
314 877
964 289
623 834
215 1
699 551
36 136
621 806
929 208
967 592
301 529
777 237
913 524
321 863
664 60
620 665
987 128
118 861
872 523
221 216
501 670
275 505
446 663
684 309
840 584
24 498
944 45
574 342
41 670
267 195
193 932
788 242
13 250
581 202
527 551
510 613
488 70
329 83
594 208
39 166
162 128
263 197
251 574
657 695
895 111
713 124
875 510
972 773
116 648
867 113
475 649
393 516
433 186
249 156
29 32
244 497
28 597
362 542
430 141
414 346
46 169
267 852
204 827
579 640
706 976
76 693
342 643
23 811
820 220
453 971
858 529
937 226
630 131
748 768
674 884
800 149
720 109
787 926
12 776
811 515
496 228
611 195
702 932
131 650
269 575
193 570
607 782
747 184
12 869
553 550
319 276
151 16
31 667
388 658
292 154
102 419
479 538
169 584
444 971
320 313
669 16
665 115
430 769
515 759
364 992
750 393
479 658
793 16
145 832
814 985
370 485
663 958
938 240
185 661
310 431
128 239
853 100
218 648
399 509
663 809
357 594
781 463
715 427
101 347
984 596
383 240
135 59
760 122
822 84
20 154
560 664
229 762
414 379
708 404
40 393
314 854
957 466
989 357
943 696
594 477
977 982
527 545
2 300
430 582
314 813
538 899
311 969
863 39
400 528
117 798
236 293
717 479
141 419
396 787
812 226
649 393
104 444
159 582
556 504
409 795
225 757
374 126
875 155
936 879
229 356
221 385
814 973
194 749
631 630
441 761
852 931
632 700
624 505
787 81
39 851
381 903
386 27
880 925
465 351
537 869
140 522
427 707
156 750
48 909
699 265
934 271
714 372
583 552
177 762
441 42
141 726
939 176
255 32
593 961
679 453
314 635
396 818
743 643
964 809
948 624
625 630
359 857
469 419
139 99
231 147
989 911
453 438
764 102
34 82
690 269
321 201
199 33
576 577
298 490
329 491
72 708
807 593
134 232
177 127
185 738
45 808
98 659
360 909
739 103
562 137
258 259
12 904
412 531
506 81
779 737
700 289
310 199
143 528
585 606
445 317
87 135
331 229
450 973
959 467
724 494
444 784
309 888
825 487
743 679
777 543
992 127
744 87
411 770
331 59
707 973
611 156
178 271
265 197
439 539
52 85
419 471
612 847
1 225
785 999
746 6
665 295
857 413
52 75
30 688
387 566
225 668
470 323
857 163
360 464
122 559
575 3
906 812
657 80
947 185
57 551
477 856
778 674
158 601
292 426
499 814
2 391
592 769
88 15
529 164
542 596
423 243
365 940
893 559
803 346
485 358
346 618
930 808
66 426
425 190
504 552
160 25
762 595
151 137
352 293
142 929
993 930
89 962
505 722
322 942
512 216
668 836
649 422
489 306
531 992
225 185
110 392
717 598
560 67
57 692
704 995
421 586
403 382
851 126
163 730
883 506
954 879
712 521
865 443
418 95
900 148
750 479
335 582
865 905
823 429
181 522
919 13
824 355
247 465
165 765
746 529
4 910
973 273
155 136
808 846
257 321
252 190
858 819
306 354
284 322
278 480
501 452
231 414
887 699
103 239
292 687
340 849
566 244
722 93
364 909
83 745
306 93
298 22
504 350
677 35
81 463
918 236
13 530
963 940
759 533
992 444
922 159
414 211
741 628
445 756
256 139
442 392
457 178
876 406
858 62
656 380
976 477
782 402
221 545
575 304
133 681
15 505
254 391
696 602
412 10
713 371
638 327
632 826
966 622
196 96
155 428
885 193
696 202
567 994
983 614
670 777
862 677
788 796
460 73
502 851
717 899
407 301
512 869
569 660
444 171
246 489
231 573
509 290
398 842
622 902
367 358
447 481
800 624
222 528
211 451
15 220
713 678
164 409
278 562
415 238
27 830
468 214
743 419
281 942
406 936
518 770
424 520
320 992
307 821
132 343
15 619
507 94
585 470
247 397
791 604
648 665
536 646
131 875
680 235
204 795
245 128
439 97
546 603
311 206
253 648
280 823
491 528
146 924
627 397
103 336
828 16
226 811
201 141
906 121
59 590
364 512
741 244
413 660
570 454
704 914
603 95
902 297
752 98
170 669
146 557
944 692
868 905
755 490
225 345
941 150
81 749
86 965
236 982
367 69
695 110
453 938
855 44
475 813
734 866
57 136
253 557
962 246
48 709
171 698
532 169
738 615
670 121
842 261
779 841
932 872
520 613
268 797
76 233
334 473
561 974
659 647
308 345
30 590
778 815
612 712
144 385
176 505
850 965
251 160
505 881
278 286
241 356
883 889
730 653
241 217
567 89
646 542
706 680
833 650
167 616
421 84
928 787
496 762
216 393
890 154
224 58
832 238
269 163
589 443
235 673
392 408
454 375
754 734
753 545
214 442
196 23
197 651
57 718
169 114
225 150
40 346
117 501
341 178
917 275
428 368
2 757
909 941
603 929
793 166
380 743
217 687
951 962
92 614
219 963
110 348
660 990
417 694
676 525
317 201
490 895
961 901
464 322
664 221
65 237
984 382
60 188
312 989
510 95
223 511
551 811
85 3
142 408
138 474
614 494
863 602
341 809
948 946
25 651
853 90
768 467
929 856
203 246
184 125
991 348
392 755
603 792
201 345
849 658
956 982
473 647
232 962
109 475
175 229
977 771
72 787
710 788
957 364
704 848
473 402
634 540
224 208
189 245
198 222
73 312
929 827
772 23
916 338
434 71
873 32
366 247
887 862
687 501
992 620
279 273
679 578
379 511
916 765
86 305
274 331
239 949
49 520
915 196
27 302
193 109
665 977
467 519
978 789
954 277
564 604
460 757
472 626
328 293
971 776
865 357
860 567
357 4
510 194
340 440
829 828
226 843
49 474
156 941
705 775
983 247
846 99
468 640
769 160
385 316
122 296
803 194
984 463
188 275
247 121
794 702
73 787
230 545
133 822
892 768
334 470
805 92
782 713
551 636
650 149
989 469
309 684
130 510
228 407
43 606
97 266
847 699
592 650
877 475
171 611
779 114
278 162
281 153
286 161
138 272
825 236
789 90
386 607
20 973
913 273
493 91
104 155
100 331
247 465
315 357
391 1
950 242
152 371
72 209
462 76
856 279
765 946
332 854
517 88
716 236
984 208
550 984
300 623
459 977
635 8
552 366
927 612
958 570
232 967
151 267
421 444
939 586
353 268
321 770
724 508
782 662
231 784
614 939
945 667
539 151
472 967
363 227
435 290
388 493
294 663
989 726
366 588
167 44
396 27
825 113
763 253
392 993
675 333
767 389
68 940
366 511
739 917
675 412
481 173
415 642
866 502
709 245
538 296
19 228
768 771
828 819
813 398
367 428
798 214
514 895
57 940
215 906
628 651
933 889
764 442
707 101
503 44
502 969
76 15
323 920
756 351
325 171
704 72
587 359
290 555
762 258
836 281
608 195
246 302
776 86
642 353
528 466
323 719
822 501
134 586
410 817
341 887
621 353
65 620
783 917
490 690
725 210
448 169
925 234
247 138
63 178
171 332
944 74
431 341
798 644
664 35
644 711
784 635
356 995
294 946
981 348
246 5
96 114
848 303
547 742
953 577
963 742
62 482
189 219
259 699
536 614
220 754
744 18
348 474
924 663
157 39
346 960
875 336
339 479
879 5
621 104
834 931
541 775
867 81
937 992
516 481
499 857
307 472
335 132
550 650
754 91
891 288
479 757
825 54
490 126
131 203
887 296
423 697
330 766
878 148
629 602
502 603
960 254
448 640
380 636
658 57
305 780
416 149
562 199
740 753
966 693
22 280
481 775
150 377
42 207
178 925
483 146
979 99
736 58
32 86
832 740
321 235
470 735
243 146
379 252
641 763
283 849
745 102
465 520
65 591
982 173
582 697
376 70
847 1
796 48
406 940
417 20
808 238
875 375
512 304
327 195
488 539
578 163
707 345
596 574
310 336
125 28
679 468
742 28
345 241
250 710
318 571
228 976
551 722
934 112
950 390
248 196
539 879
64 409
430 516
698 503
610 696
875 361
236 739
513 156
785 581
594 744
621 951
366 84
704 26
863 454
240 856
294 804
827 878
709 733
117 262
880 346
589 310
861 151
586 241
967 137
543 925
670 622
135 471
332 350
567 637
136 868
538 531
575 421
185 459
572 5
954 167
294 35
816 169
337 662
227 693
938 20
757 430
1 701
591 568
729 798
403 926
1 510
909 576
398 520
761 354
905 958
826 772
125 589
856 147
511 540
88 494
880 907
405 376
750 460
715 257
164 30
733 788
292 222
332 25
779 558
762 95
470 266
692 711
498 854
244 113
632 444
279 30
974 995
839 991
948 984
14 932
757 892
592 263
700 278
221 999
624 766
310 56
2 963
423 37
225 631
311 708
993 512
982 253
508 143
876 799
741 623
655 490
81 130
12 928
155 787
281 48
476 894
541 350
440 813
800 972
689 335
441 375
291 532
828 374
356 472
599 537
659 632
860 520
447 84
758 399
586 197
496 264
301 128
87 975
860 290
906 153
254 214
155 983
359 396
193 919
983 398
405 27
814 291
102 615
365 313
603 674
321 6
573 697
17 835
482 75
267 615
330 274
352 424
546 348
25 417
620 253
136 295
441 708
908 948
719 56
508 899
985 610
42 857
182 377
812 192
499 437
512 942
609 912
282 74
937 286
802 243
561 37
31 548
661 664
944 474
318 140
320 12
324 386
599 250
609 271
92 600
256 77
234 556
473 480
724 995
998 240
385 469
734 439
411 217
609 795
639 213
580 920
498 204
140 815
830 957
733 482
504 960
184 389
978 125
855 383
998 525
683 631
327 816
831 480
931 984
166 418
983 172
548 944
328 304
341 966
139 221
271 683
544 843
576 600
533 892
940 541
239 197
678 575
799 903
91 594
788 127
449 612
912 645
942 885
801 750
708 328
844 475
971 464
580 485
381 710
12 523
499 725
336 190
672 980
955 320
676 500
987 212
217 617
659 449
249 818
70 209
994 404
363 513
232 856
191 814
735 737
899 64
686 406
261 556
151 753
248 444
903 409
966 360
15 56
687 300
98 85
629 836
613 96
119 996
818 590
117 975
527 22
313 650
414 781
620 257
716 760
391 914
242 551
210 441
757 496
406 363
152 841
659 757
425 316
580 952
467 100
270 71
903 20
149 988
965 903
473 18
638 957
670 808
20 820
761 201
391 437
838 531
172 239
389 111
319 424
832 171
155 356
601 239
426 91
79 932
87 826
397 645
509 923
166 230
945 134
907 362
443 603
92 924
508 495
959 905
25 511
645 638
338 272
891 842
23 464
279 276
872 452
479 249
753 689
430 770
310 195
495 252
895 395
242 908
210 36
16 566
591 354
37 276
808 524
468 654
631 221
501 68
686 908
988 901
382 782
628 58
482 821
994 382
993 322
274 574
321 490
694 760
132 67
995 12
276 261
226 22
341 693
824 851
846 36
733 863
893 619
759 589
792 502
500 389
860 72
488 429
765 406
576 558
841 379
687 683
289 219
933 745
104 738
811 497
500 517
384 583
727 860
945 711
96 673
259 235
584 209
675 111
504 933
186 393
455 999
474 503
127 750
116 120
171 569
151 845
821 323
831 340
456 298
164 901
359 752
344 306
324 344
446 222
734 101
204 480
442 741
771 49
655 684
848 211
715 652
617 941
696 191
484 955
700 712
842 228
427 856
265 831
405 4
818 71
222 406
177 586
637 357
863 763
117 951
428 957
421 679
857 557
370 174
182 317
517 412
663 548
607 819
847 305
448 923
16 354
719 325
394 289
85 481
64 289
304 795
702 679
138 11
695 32
633 663
906 269
384 580
96 136
95 83
630 513
170 337
50 201
436 211
936 115
758 358
9 213
680 951
772 595
244 465
210 307
750 560
264 783
758 699
182 102
268 124
41 730
491 524
275 969
831 349
867 760
363 587
824 462
490 830
469 165
169 818
155 44
488 312
293 100
139 645
11 343
97 377
485 23
984 995
239 386
671 141
370 987
910 258
929 579
11 347
139 762
807 721
416 785
905 23
79 114
217 977
711 424
659 900
323 874
584 72
439 911
96 37
18 575
536 742
520 10
347 327
2 730
541 611
980 492
44 349
231 496
440 208
500 468
673 658
54 670
588 160
101 931
992 623
678 811
28 927
225 963
860 386
778 846
534 571
184 374
183 844
895 432
343 124
992 534
441 296
429 52
265 454
410 205
735 489
729 888
692 53
974 705
188 495
261 32
858 100
938 904
783 63
799 777
29 791
946 42
820 630
459 102
890 202
29 737
409 232
145 567
671 785
315 955
755 718
237 28
782 176
379 33
681 156
793 821
657 555
894 613
349 256
153 41
653 440
346 151
929 483
814 531
522 255
228 377
112 971
407 923
452 85
407 746
124 648
159 694
934 197
513 698
851 144
241 898
199 768
673 766
850 300
624 225
657 836
430 855
375 89
114 379
680 589
399 169
897 87
301 392
231 533
987 205
481 651
702 12
135 194
42 323
157 369
760 626
888 193
450 685
969 962
885 672
215 549
995 611
246 496
308 23
776 390
367 60
552 949
949 558
165 727
448 269
615 898
605 654
743 243
891 194
401 763
770 571
173 46
763 191
967 478
505 407
383 523
941 782
141 64
649 838
573 714
49 168
648 748
189 550
617 996
456 882
762 662
186 669
951 300
970 581
980 991
185 620
644 332
25 843
692 565
195 430
105 818
993 389
290 471
668 518
565 566
871 139
835 394
952 510
789 930
446 907
833 241
411 553
561 673
364 321
575 595
292 744
648 806
823 474
57 197
733 312
865 244
209 955
920 171
651 139
214 825
801 476
406 969
544 787
538 265
26 168
558 519
796 410
160 944
388 516
393 307
463 711
159 409
131 844
40 488
43 409
460 655
737 771
150 722
664 405
940 731
167 57
802 655
539 11
561 724
198 332
333 219
935 223
228 201
40 182
952 989
452 259
348 532
206 840
902 734
918 829
505 913
242 501
798 396
192 447
349 436
486 321
710 609
463 994
972 975
825 985
679 33
206 133
548 242
478 756
26 549
667 106
975 389
478 846
389 238
4 484
885 649
466 396
172 828
319 508
41 310
326 347
554 564
913 456
203 305
323 981
740 10
132 300
309 298
699 255
278 981
923 840
468 122
790 221
178 629
240 707
482 751
22 477
884 358
785 163
651 232
378 280
481 561
788 328
399 667
255 694
620 836
620 55
21 488
699 636
737 483
130 93
628 603
457 916
939 572
313 101
2 903
794 762
924 252
114 776
951 232
304 651
430 273
389 688
890 841
752 127
998 392
312 747
337 778
99 868
751 371
584 682
257 968
76 374
503 17
561 699
696 850
826 70
420 131
732 736
658 283
427 142
241 394
765 369
662 608
338 435
125 390
896 58
13 428
980 298
54 973
901 929
539 718
318 499
509 392
636 652
567 343
956 600
173 72
514 117
425 440
453 457
406 75
922 472
206 100
435 901
260 114
277 397
523 500
121 900
259 254
203 594
160 408
271 240
427 975
124 363
78 419
451 780
108 924
28 770
433 800
960 261
124 633
304 323
226 368
538 854
102 149
353 439
661 126
759 406
43 694
30 752
486 207
575 249
682 775
413 827
111 134
671 729
677 363
147 168
877 237
667 54
503 84
657 513
558 749
194 633
424 208
249 838
697 72
230 516
926 998
267 443
399 900
179 17
840 881
674 573
202 247
450 921
370 248
937 713
501 807
546 967
495 710
719 415
885 29
546 35
939 283
590 940
593 715
983 123
869 664
88 185
475 325
124 680
780 399
6 288
500 476
246 73
36 91
483 378
90 101
932 911
968 93
817 400
498 14
602 526
394 124
467 160
233 92
40 873
62 34
493 598
860 642
449 650
636 671
747 17
917 656
614 519
974 157
498 604
32 505
401 413
484 88
361 634
730 942
689 951
634 909
232 449
205 165
182 706
964 12
610 455
942 172
282 8
747 360
357 904
237 603
972 884
33 909
104 655
569 331
642 313
633 199
897 79
753 860
563 258
741 454
918 642
234 258
148 286
730 860
570 487
566 460
279 280
846 909
136 889
374 819
701 935
247 900
783 916
855 501
732 793
621 720
22 5
990 88
811 873
132 918
416 713
959 360
81 608
704 4
640 273
267 976
761 586
417 317
116 57
835 375
758 392
418 694
443 487
600 196
375 316
624 280
915 156
797 104
105 141
901 516
835 925
881 696
771 460
308 672
380 633
914 871
21 820
480 29
303 444
907 269
641 73
803 367
222 620
26 997
900 111
265 358
20 683
570 781
357 471
331 985
462 256
836 839
966 293
452 519
696 540
565 932
122 898
281 487
750 951
318 644
986 522
717 355
247 398
332 79
906 759
319 726
478 806
670 265
364 240
954 67
412 966
645 250
828 233
635 338
299 810
100 496
965 213
364 660
236 728
582 463
971 35
810 263
673 769
916 579
441 44
882 931
239 433
524 967
86 557
713 604
449 358
538 98
576 850
246 271
909 628
262 610
31 554
407 826
746 803
231 143
945 879
885 716
125 82
450 135
896 777
145 9
583 730
278 741
632 558
826 286
83 288
37 909
409 132
534 764
219 248
150 55
913 323
595 591
233 350
498 261
645 142
153 771
927 94
478 70
41 530
376 21
482 415
393 838
129 878
315 264
828 327
12 953
684 837
589 677
998 1
775 465
249 993
438 964
499 944
371 658
840 816
607 248
303 791
910 703
796 257
163 812
199 784
221 557
915 694
54 918
420 629
555 332
248 495
833 605
634 323
260 706
386 251
957 799
513 275
498 600
261 941
254 280
435 973
343 776
8 480
767 329
158 608
432 327
943 479
79 755
84 333
437 284
731 901
937 725
411 475
451 656
276 479
596 587
770 16
986 973
185 740
930 825
587 995
263 346
379 803
838 451
800 901
999 646
797 651
688 916
53 449
643 368
772 668
62 37
4 363
899 178
436 935
319 557
481 347
651 910
259 399
993 349
247 458
999 303
25 843
820 731
466 413
486 812
449 148
403 503
936 315
499 515
409 104
867 706
792 728
38 828
470 389
397 325
223 349
84 52
809 98
976 405
126 505
152 547
913 860
730 801
307 951
304 813
254 310
523 788
156 714
961 41
51 320
665 939
823 955
407 128
92 786
449 505
714 514
238 948
676 577
57 532
678 491
528 270
250 81
168 928
754 944
613 824
532 243
378 25
992 131
30 738
185 461
194 295
546 509
81 783
226 538
234 409
860 104
820 312
950 478
2 614
107 617
426 693
894 698
253 579
597 294
644 709
461 437
570 98
703 972
370 677
89 561
42 874
475 52
226 25
6 846
294 888
14 297
78 648
665 679
207 788
518 752
580 448
576 907
594 904
105 469
138 428
148 624
832 405
944 937
101 104
584 998
954 339
928 397
775 467
211 594
383 164
24 621
971 453
237 788
403 880
16 185
396 143
485 730
4 820
901 747
776 531
248 516
175 517
997 380
546 893
114 975
102 617
947 639
290 730
304 882
461 712
409 169
443 584
11 192
734 352
865 755
150 912
522 275
595 558
887 723
329 386
728 676
349 391
626 70
905 984
520 571
311 480
601 509
246 62
986 621
624 122
985 670
679 510
973 63
281 97
198 746
462 105
131 719
199 310
258 837
664 58
712 111
498 743
569 241
532 333
262 276
846 362
433 512
378 992
699 77
916 703
135 402
739 318
458 786
274 311
392 393
303 288
511 843
762 732
463 598
951 224
701 669
665 54
632 742
389 524
559 235
419 551
680 595
892 461
543 505
727 644
158 233
905 670
635 150
187 469
872 718
966 256
315 654
65 217
760 308
366 993
185 716
43 433
923 849
237 217
69 939
801 732
273 58
893 579
677 507
499 234
462 463
403 775
492 636
341 260
930 40
440 47
483 141
613 798
431 383
815 574
567 48
125 926
155 168
166 660
710 340
231 313
907 97
737 964
363 312
490 138
709 821
431 704
553 611
357 511
382 815
333 489
697 746
277 919
559 694
975 365
375 771
135 464
132 808
490 119
684 34
512 394
141 147
307 476
120 317
541 897
522 548
173 817
533 441
249 759
273 232
533 216
489 258
266 188
101 180
1 583
785 483
776 411
486 933
222 650
16 447
122 567
10 690
939 127
124 673
552 105
658 999
946 534
876 220
220 98
430 26
871 272
532 427
169 74
857 651
948 900
674 225
134 174
266 187
380 253
698 16
75 57
277 485
922 277
145 660
795 790
552 264
543 611
740 210
609 885
963 388
862 401
458 580
60 398
352 436
849 661
19 998
607 560
734 163
602 205
931 704
518 860
893 937
396 47
870 618
305 915
793 802
624 335
589 842
76 653
452 946
664 927
247 287
756 602
921 417
617 154
247 149
790 895
368 827
696 837
21 894
705 396
10 862
512 477
346 201
104 599
378 699
148 400
135 8
285 823
477 44
604 483
133 930
329 348
159 287
645 879
334 728
867 157
179 424
697 892
960 471
966 841
99 466
3 268
549 565
741 31
830 849
876 847
341 996
460 430
495 528
250 197
793 19
628 955
528 644
139 787
646 487
240 213
988 141
890 798
558 265
140 186
222 940
856 783
392 876
941 457
645 544
816 762
122 144
147 812
700 997
644 57
883 723
756 404
157 55
104 602
791 348
244 742
769 228
85 36
146 738
791 466
812 218
9 743
512 617
721 730
910 757
295 407
369 195
960 319
974 197
773 991
178 185
832 208
147 609
416 419
979 864
783 190
331 687
210 587
334 223
673 686
259 61
664 692
152 814
991 816
343 319
901 893
57 328
817 681
936 868
980 546
276 204
364 720
739 942
814 664
807 462
542 909
864 352
822 311
150 509
836 515
844 726
311 441
393 802
686 705
465 235
662 234
97 231
370 688
112 938
432 951
761 270
713 715
830 376
92 772
687 361
510 645
354 351
819 305
310 928
784 684
390 335
127 174
423 81
746 30
578 341
115 693
725 783
76 552
940 208
544 39
353 702
315 955
936 918
637 577
900 227
14 86
632 401
638 998
299 414
692 111
55 395
278 820
758 553
608 786
344 786
927 660
42 636
298 657
777 57
177 160
204 993
460 453
215 705
421 682
697 932
165 5
60 47
137 358
937 93
509 802
748 274
986 208
736 173
38 946
274 471
229 976
28 250
855 425
630 794
273 6
907 217
513 597
306 79
638 772
352 905
586 122
281 357
73 304
711 255
957 863
389 800
836 775
148 795
878 397
863 263
818 589
443 706
139 124
773 364
151 78
787 333
184 414
9 913
573 999
135 6
842 935
659 451
601 108
427 189
567 432
543 370
764 894
329 422
775 767
300 744
28 320
858 293
904 526
885 395
216 543
309 508
598 721
445 896
809 593
836 327
941 656
186 255
624 249
636 457
682 551
145 169
596 207
609 417
430 689
844 550
800 119
210 548
508 82
307 470
414 465
525 167
173 522
547 524
998 419
994 836
324 72
250 852
270 387
479 546
607 481
529 884
394 538
208 556
389 837
696 740
219 660
532 94
377 405
115 511
305 770
12 108
133 825
177 850
854 122
483 55
401 154
522 972
578 279
270 741
797 615
965 917
824 355
819 442
376 763
664 327
283 362
872 588
326 931
773 213
432 313
146 166
269 101
32 448
209 6
415 614
608 397
764 276
540 58
113 950
23 3
620 985
64 647
841 345
891 139
884 517
67 338
693 922
360 858
48 517
853 167
734 967
808 876
187 138
181 9
128 895
836 784
214 584
869 173
714 304
375 486
171 191
261 171
57 551
547 252
392 372
331 563
714 462
312 647
172 678
428 115
155 492
85 435
121 855
397 943
878 225
423 635
933 324
349 404
795 579
282 996
596 421
699 52
904 742
783 472
486 657
433 880
635 556
242 284
605 921
283 203
869 643
472 310
313 270
712 585
154 24
950 895
448 152
514 16
11 520
462 933
591 498
528 27
782 293
400 533
346 874
802 834
90 755
138 577
214 871
336 751
741 86
73 970
272 223
915 740
767 22
798 208
280 484
598 803
768 825
579 678
726 420
145 631
698 805
446 397
861 722
29 612
239 443
931 455
951 338
865 571
313 112
167 749
82 720
755 599
965 891
43 568
153 759
371 975
528 49
533 745
3 782
968 459
240 108
709 91
309 905
887 159
886 226
614 918
663 764
419 316
563 574
111 956
366 948
240 612
234 993
447 722
589 295
283 843
643 480
579 366
395 247
873 151
235 520
743 935
533 373
384 184
575 378
307 371
716 957
835 147
114 897
653 438
851 297
858 30
42 312
668 866
371 784
873 916
738 137
443 114
331 955
120 60
142 686
673 258
81 328
686 989
967 829
637 58
891 871
717 681
504 330
719 641
805 590
109 181
557 347
847 636
104 953
515 887
865 835
355 881
684 24
48 891
570 647
233 169
844 265
30 985
496 798
289 74
487 721
164 131
420 781
701 732
893 107
691 24
145 336
778 955
819 3
706 869
824 772
884 563
990 79
362 973
800 218
674 131
175 165
528 123
889 976
943 601
816 290
324 144
78 225
260 578
357 933
685 353
20 528
908 186
580 88
569 164
905 141
227 558
748 713
910 651
904 174
371 2
278 640
236 852
32 689
697 190
143 31
837 932
455 107
409 401
839 254
139 690
175 233
796 174
65 755
922 573
338 171
843 58
964 251
457 142
28 748
190 56
516 859
561 177
855 97
182 50
472 446
614 331
273 776
784 297
747 46
573 553
32 46
297 83
137 234
679 348
266 541
223 71
306 919
652 508
728 126
274 35
50 717
3 798
784 63
499 457
684 496
850 383
730 927
586 939
221 753
917 916
194 667
864 426
151 358
572 408
101 252
14 582
460 84
46 553
133 293
281 535
206 166
164 895
410 481
512 39
802 532
941 61
134 646
667 710
821 937
416 190
986 215
940 250
716 96
810 434
610 653
804 588
479 117
822 726
958 712
2 491
347 558
948 312
83 546
55 22
346 882
281 588
68 445
957 789
997 31
807 506
228 693
883 374
1 383
427 885
406 527
611 645
871 607
969 898
215 666
177 473
806 642
339 632
758 902
644 674
552 186
898 825
38 422
213 480
380 176
488 852
244 708
507 131
670 118
215 51
964 767
925 405
644 622
570 505
724 493
568 169
824 867
708 898
764 237
873 76
42 339
175 395
432 754
433 771
918 20
188 447
808 693
771 359
535 797
177 118
722 297
864 662
262 638
536 395
600 771
668 430
147 596
302 598
217 818
163 486
388 123
504 888
923 794
132 976
477 579
918 104
234 889
591 130
184 425
886 435
778 275
428 995
100 802
879 664
246 197
97 137
745 742
466 587
726 503
775 385
948 374
14 138
63 819
749 953
242 915
527 212
116 251
520 155
559 669
514 802
75 384
292 430
243 137
344 497
305 946
590 191
161 540
572 565
927 446
767 343
228 395
910 186
59 860
900 575
236 822
894 330
697 808
307 854
423 908
522 86
48 782
629 332
881 677
51 780
837 248
944 185
833 369
406 458
348 393
328 463
333 168
316 306
786 489
897 757
36 598
981 375
995 227
404 301
282 408
196 60
311 358
734 587
547 628
281 238
135 741
529 745
509 795
41 785
914 763
718 728
5 159
544 308
408 551
25 981
659 904
97 549
587 120
579 593
100 8
50 419
238 607
786 309
416 95
658 447
187 315
467 290
736 340
677 902
489 612
908 859
735 832
795 675
358 626
315 375
457 724
969 784
586 589
912 939
614 489
343 417
186 533
183 583
471 918
913 81
273 576
982 387
833 203
839 678
636 540
676 844
735 505
501 930
663 666
937 547
522 58
100 357
434 771
309 811
936 719
408 64
146 463
754 347
596 204
568 296
648 961
620 124
93 820
52 36
789 464
667 994
918 548
922 991
720 444
85 889
768 477
506 848
699 770
84 707
681 854
487 621
595 471
216 240
405 801
68 965
544 518
170 223
924 365
229 18
319 861
183 618
90 524
801 553
795 831
133 498
672 807
536 408
545 365
103 929
261 115
862 800
362 2
177 296
455 332
897 130
550 150
830 848
388 448
625 638
220 544
42 295
370 606
137 959
635 621
950 403
125 39
161 380
386 587
418 639
826 619
662 437
669 639
665 396
499 949
46 693
181 756
460 665
771 876
819 862
191 514
228 786
660 941
609 728
778 976
688 905
223 659
802 17
600 498
951 897
717 21
603 755
218 603
84 777
536 92
861 48
98 709
331 881
488 76
954 305
512 784
602 220
753 853
988 449
796 733
12 705
252 779
934 208
78 426
805 888
847 36
681 582
311 660
623 251
662 434
84 461
75 829
389 605
342 672
348 230
53 66
930 433
513 257
875 618
993 391
732 702
572 552
594 983
559 93
897 948
747 355
575 440
205 608
647 915
340 940
342 885
385 411
793 733
877 610
300 783
390 702
583 509
324 795
911 716
854 677
673 736
457 573
25 85
689 876
266 810
495 223
675 90
194 776
513 350
638 527
541 805
624 291
343 881
774 481
910 572
204 829
913 451
729 689
939 855
173 687
165 917
694 668
423 621
855 402
210 554
656 717
246 576
135 864
755 125
152 579
664 287
652 56
916 203
818 760
953 6
763 869
971 910
654 467
548 831
548 870
176 822
90 649
674 522
480 804
662 176
235 94
195 239
925 306
377 580
470 728
370 703
534 30
169 529
305 545
434 322
676 402
376 653
814 594
35 750
408 412
18 782
685 295
729 649
518 128
764 41
901 115
573 248
509 161
659 314
4 407
6 161
748 4
53 297
866 918
951 66
729 896
415 562
515 622
949 259
450 963
571 372
271 547
435 923
230 391
591 940
28 701
70 365
797 988
375 529
724 210
653 953
358 546
471 141
772 979
740 259
255 913
300 627
342 194
427 91
575 239
89 986
919 933
73 419
60 602
881 660
408 500
835 773
883 900
380 582
686 127
915 387
698 446
832 7
995 278
671 479
988 882
311 560
817 986
877 442
806 187
953 443
845 265
787 700
828 671
458 681
401 498
132 88
543 326
612 309
746 694
77 390
878 314
194 471
604 745
407 862
867 828
480 210
784 827
443 563
712 5
386 825
481 521
780 329
484 21
980 84
601 270
13 242
848 335
16 606
204 565
22 931
832 47
466 944
630 785
38 575
748 546
405 755
415 496
145 783
321 255
648 593
564 47
699 425
578 874
696 317
308 645
545 348
209 481
858 470
809 688
509 773
492 743
423 86
39 612
117 666
924 711
982 284
688 661
377 884
463 528
912 466
158 457
353 361
804 779
775 347
212 916
75 932
570 883
296 17
623 305
811 690
320 993
148 739
628 636
537 586
387 622
272 87
14 710
295 40
897 164
267 721
557 815
348 851
850 283
660 316
728 905
304 437
68 463
201 915
211 171
388 276
9 5
744 569
253 112
497 962
475 920
120 235
938 183
435 541
960 593
125 613
473 887
212 859
150 808
722 825
162 458
64 154
994 253
595 661
604 374
312 407
787 635
935 985
129 86
632 569
419 157
940 736
954 858
215 837
231 566
363 609
833 113
935 130
965 416
397 615
845 542
52 513
317 170
608 990
506 455
295 743
650 720
900 643
145 788
343 577
73 750
116 672
973 349
783 195
951 501
828 63
982 949
980 981
1 193
328 509
606 553
923 532
501 936
853 606
956 524
698 406
913 709
458 99
623 602
251 713
469 387
589 383
798 401
689 225
775 286
548 345
475 566
294 528
578 54
751 908
815 812
437 410
10 158
903 844
434 908
980 526
913 810
637 702
80 193
188 223
30 199
379 921
300 13
950 667
92 77
600 919
489 349
347 132
653 333
170 190
762 26
804 107
892 139
52 591
941 861
198 328
655 540
334 170
163 478
506 317
801 813
966 614
106 253
839 522
277 166
300 649
938 459
226 272
620 680
749 332
415 486
656 964
690 880
728 364
992 654
461 605
633 526
64 787
56 88
986 766
421 684
58 796
638 428
881 500
87 325
328 836
283 788
795 16
818 62
235 49
275 97
263 349
546 599
738 810
784 542
196 189
635 957
451 741
973 597
674 285
347 949
317 603
279 432
915 902
981 172
983 950
690 479
246 789
437 940
735 597
112 620
449 356
644 494
659 726
708 890
944 37
855 227
118 698
98 441
716 9
266 437
397 15
346 803
348 388
832 706
391 379
439 67
213 868
938 346
893 195
977 925
948 23
757 779
205 444
831 345
226 95
992 331
927 99
170 22
715 603
245 155
151 789
590 637
23 528
460 378
912 865
640 967
815 560
574 471
786 29
634 534
866 488
514 123
806 343
41 912
738 518
924 321
85 422
351 764
129 997
600 708
22 626
117 286
359 956
47 14
855 926
752 316
843 924
27 131
378 196
700 957
331 659
940 4
576 682
879 871
653 221
72 970
267 141
684 603
313 391
237 64
558 344
860 960
133 401
345 668
189 891
414 636
147 988
37 38
173 140
985 708
109 712
317 926
959 291
253 136
187 873
847 658
655 399
3 435
111 577
987 759
114 916
959 460
897 99
444 198
909 348
25 947
943 232
706 672
556 732
629 749
778 488
55 880
966 697
111 504
100 579
215 94
939 568
896 384
776 78
357 49
576 19
519 428
107 621
751 301
25 505
411 728
294 384
217 615
376 374
95 446
454 139
321 673
274 615
220 688
185 424
235 749
888 927
696 510
712 622
729 955
533 896
350 377
368 271
716 761
637 172
459 682
632 808
191 636
569 97
933 826
97 879
226 671
827 456
520 682
40 155
553 317
242 521
813 158
564 541
576 526
329 50
949 180
487 771
815 206
486 834
252 638
803 883
170 881
998 556
361 612
928 616
741 226
698 516
283 869
924 325
878 598
632 590
75 675
757 212
679 548
264 829
953 109
790 732
934 368
934 903
79 399
853 965
60 816
840 608
281 318
727 624
531 603
895 497
939 753
256 400
389 276
14 964
485 23
777 176
828 928
606 348
322 512
295 762
976 471
294 251
278 775
303 386
940 931
829 342
709 394
769 419
372 692
570 168
193 712
776 425
15 829
766 590
893 20
421 918
341 325
689 678
576 212
759 517
768 182
544 951
57 582
227 985
368 77
875 510
653 728
310 247
439 368
236 647
412 906
558 628
781 315
650 73
199 204
65 651
177 57
582 950
550 875
946 831
149 743
94 682
177 702
967 197
200 57
514 875
181 746
218 155
520 804
760 854
489 797
516 109
399 993
306 231
40 100
952 685
263 260
318 121
695 359
121 739
270 50
622 644
538 318
642 462
278 845
281 476
48 563
207 311
163 570
372 113
207 19
38 594
86 751
249 498
205 167
589 421
852 29
746 546
802 721
120 102
260 758
941 861
964 153
143 811
21 883
151 493
519 451
789 788
338 72
710 279
643 721
869 69
215 34
942 935
643 875
951 336
538 389
967 756
767 691
501 8
695 344
64 47
575 642
962 794
135 70
744 902
199 180
721 922
632 699
672 683
939 402
454 234
462 928
970 846
412 547
381 2
435 425
264 642
704 356
496 920
594 640
723 720
691 197
951 283
437 367
768 74
928 479
914 905
649 810
397 515
413 806
667 363
759 233
855 441
713 74
482 721
311 176
606 412
346 254
358 281
464 70
160 620
31 779
860 284
414 302
771 190
854 113
345 992
95 589
406 292
887 657
885 155
698 617
298 718
112 869
169 148
677 861
377 450
17 765
465 747
836 979
27 409
152 21
818 462
675 231
841 637
303 441
572 845
139 319
32 557
363 497
31 966
970 383
37 71
303 660
382 876
64 727
875 273
668 842
986 502
784 970
924 173
769 844
311 83
43 55
858 999
766 944
98 951
223 286
538 596
587 251
314 757
139 720
694 245
837 981
534 172
279 342
732 495
890 742
797 344
13 102
282 487
699 807
226 839
685 249
18 167
979 487
947 108
845 339
94 138
429 410
761 711
531 443
297 384
411 599
575 830
1 720
417 730
456 833
611 201
555 18
203 713
17 611
395 822
414 295
961 978
687 648
7 135
540 81
586 392
575 209
12 52
499 457
55 597
568 503
805 281
681 187
69 81
901 13
346 248
312 775
92 184
812 473
256 749
67 829
567 175
281 743
663 396
584 236
897 284
294 856
81 416
871 120
899 820
62 920
225 455
327 525
898 342
682 904
18 136
928 544
473 908
631 220
886 654
368 85
1 693
151 361
209 36
790 216
55 272
110 205
46 482
611 776
372 379
35 761
682 568
879 818
41 475
150 584
954 712
767 994
875 82
296 718
300 386
388 65
842 49
526 396
572 302
441 937
535 43
434 147
208 544
392 613
257 851
318 910
552 976
88 233
118 111
733 952
616 966
275 248
330 207
211 598
852 770
463 443
472 193
56 962
136 646
968 424
440 694
927 677
13 564
200 575
504 301
443 109
984 857
576 640
60 688
739 363
664 255
806 762
668 505
8 392
792 306
883 66
131 18
310 711
814 375
576 794
481 592
949 617
154 552
586 693
975 677
128 798
103 192
546 80
499 426
99 508
866 756
463 340
483 333
136 603
287 272
577 468
578 781
347 265
538 628
260 916
626 46
406 480
261 325
697 972
372 509
505 29
726 414
146 674
795 291
221 312
85 956
90 192
211 982
490 468
754 92
904 986
573 697
473 935
753 685
589 500
814 830
883 576
538 507
518 563
249 366
390 581
216 276
926 81
675 27
395 301
377 846
812 562
873 876
836 565
440 772
761 825
602 413
618 864
873 990
713 367
677 874
84 100
898 350
437 16
183 232
40 452
353 184
672 581
413 142
653 487
132 279
660 508
202 212
818 468
82 610
368 906
99 986
817 810
49 641
41 693
250 273
109 401
317 417
554 885
842 292
275 958
925 171
698 515
544 711
649 935
929 687
186 246
277 128
909 59
300 901
745 355
559 534
604 256
869 229
29 214
136 413
911 262
795 376
585 616
128 222
502 332
73 26
159 18
300 31
392 439
53 109
553 21
54 165
23 840
511 344
369 69
440 153
193 804
263 287
38 922
237 525
181 170
518 818
848 460
671 212
680 171
350 140
325 626
633 910
95 211
84 185
796 497
240 38
55 893
98 386
848 851
281 334
396 333
879 689
214 264
611 101
673 784
213 532
190 975
739 982
765 725
940 286
200 222
12 585
334 908
920 519
858 590
30 324
571 305
196 979
433 536
243 30
289 530
356 779
271 316
803 307
876 741
634 848
211 809
661 210
138 886
97 438
373 902
516 114
624 872
562 237
478 270
751 863
544 888
441 660
399 83
368 608
958 318
810 104
215 396
408 82
132 362
63 883
800 744
297 708
656 17
369 356
123 602
56 910
579 242
905 800
274 652
34 178
436 929
696 364
39 581
151 563
219 91
960 287
211 917
434 433
133 326
809 957
153 807
386 888
222 709
469 258
740 12
187 246
720 910
908 309
605 731
713 340
574 49
392 875
172 222
194 327
623 657
713 572
989 763
224 11
51 620
862 861
916 660
757 312
976 466
974 837
201 107
122 989
488 294
96 781
437 732
969 118
983 121
907 551
643 281
856 214
410 878
995 641
710 317
557 808
166 952
717 621
262 584
12 360
890 383
492 458
921 93
758 244
217 829
470 738
560 400
969 217
692 559
23 181
618 126
723 371
150 716
219 1
602 828
274 492
704 138
986 233
340 829
679 893
991 384
866 758
475 795
775 963
96 844
936 903
82 47
490 755
300 922
838 749
616 341
308 732
88 855
83 85
898 531
938 996
251 875
848 274
269 532
528 652
903 601
34 470
690 611
562 102
183 452
212 217
919 169
940 832
180 718
86 509
278 675
214 935
279 836
456 631
860 617
410 266
922 200
462 754
79 308
4 357
44 411
200 32
375 909
118 63
688 660
694 991
570 495
146 601
855 627
666 379
903 7
667 290
408 187
901 869
681 358
999 450
247 666
792 796
132 732
332 333
359 285
225 581
108 530
929 810
846 168
516 981
408 678
764 31
865 244
968 808
750 455
387 162
286 981
252 336
865 627
186 774
217 830
603 23
18 346
170 476
286 5
883 532
264 50
303 247
524 354
13 530
820 212
440 544
696 985
62 122
997 334
251 660
208 907
755 804
570 927
581 990
536 681
435 598
926 60
461 835
152 536
631 34
121 811
464 555
114 158
117 180
817 327
577 440
348 410
698 740
241 915
144 241
185 165
30 357
900 734
299 925
358 605
259 491
372 958
56 351
846 451
178 329
365 563
567 243
831 332
786 234
250 878
368 921
74 368
806 61
637 627
968 489
545 448
218 256
542 229
648 941
525 314
649 756
570 36
951 300
364 369
423 305
665 257
606 966
748 974
364 568
177 502
338 776
875 48
314 320
906 387
65 893
192 619
301 751
250 422
661 362
509 50
391 182
158 989
641 586
229 732
295 464
140 818
57 536
182 636
18 319
987 4
92 128
198 299
756 951
540 13
686 756
106 664
402 837
689 81
307 483
516 583
477 343
669 202
24 68
425 933
41 889
174 577
327 939
301 793
344 231
323 794
99 562
818 164
447 205
115 495
794 674
909 623
886 350
214 209
475 280
476 207
861 711
105 879
415 322
788 971
255 98
673 543
472 93
771 221
859 170
284 776
505 912
455 690
522 168
432 791
338 503
576 664
895 885
254 478
442 782
446 723
827 677
99 68
44 281
69 255
678 265
157 577
106 292
395 931
274 976
144 235
991 706
811 471
579 760
676 874
430 226
225 701
179 935
928 494
274 134
54 400
380 89
350 811
843 660
783 946
296 613
272 151
561 951
852 912
693 327
940 24
585 129
629 979
386 528
480 498
757 427
599 768
800 112
603 711
192 657
529 134
638 472
826 705
338 701
268 283
178 807
275 42
703 885
702 878
813 880
815 998
175 43
788 243
424 41
993 383
712 312
41 367
690 163
762 698
16 808
542 997
87 800
807 491
264 181
577 796
331 358
149 492
148 920
471 803
345 271
108 151
826 692
152 724
515 386
11 102
151 425
300 446
328 187
955 526
285 553
498 45
322 124
993 936
543 80
139 737
229 35
779 887
824 993
566 884
15 790
646 274
682 733
912 63
736 605
107 548
586 893
42 99
545 3
2 429
553 583
312 263
117 919
634 391
260 763
387 248
827 840
434 960
526 770
44 305
627 62
825 70
828 482
404 662
85 406
69 178
644 46
885 357
939 942
181 705
91 563
930 338
496 611
666 240
646 697
888 477
415 937
82 307
837 282
757 390
685 620
573 12
882 542
999 456
973 206
863 268
416 395
961 539
14 950
786 624
913 394
257 505
379 734
997 40
740 790
865 383
765 91
886 563
578 564
672 130
908 628
527 115
275 769
62 456
155 206
765 209
599 676
351 630
876 115
73 351
320 145
703 710
286 939
516 425
677 362
975 11
179 794
255 874
562 870
628 180
359 552
505 17
476 801
440 444
884 279
717 519
445 34
423 866
464 961
1 875
729 468
310 816
520 360
560 183
369 914
920 974
882 826
665 711
273 126
546 490
49 449
96 154
950 345
326 746
895 871
300 274
230 32
842 501
288 955
533 152
222 732
751 693
41 806
35 598
229 512
196 715
316 134
468 584
152 179
351 645
23 941
865 373
420 352
656 493
962 658
605 796
127 533
585 37
954 206
208 894
332 319
607 225
986 565
283 11
518 867
273 572
456 442
535 112
933 846
464 762
588 144
512 356
156 322
645 826
861 532
196 341
740 927
935 668
270 465
638 813
719 302
416 344
599 140
837 988
53 489
292 511
909 760
331 974
607 211
929 870
251 504
400 719
629 187
975 191
787 414
454 133
198 516
74 592
558 809
833 241
70 260
795 983
422 197
21 879
840 18
373 524
984 750
695 375
74 895
85 41
900 908
430 945
82 716
944 511
648 473
306 165
479 250
11 504
371 48
159 83
343 794
728 737
214 836
375 205
102 884
733 182
403 269
972 983
339 919
20 810
937 142
359 996
24 860
765 611
165 538
531 924
898 354
437 547
860 485
670 628
692 693
577 442
126 122
989 724
357 114
173 180
103 449
533 696
898 550
762 629
519 511
968 98
188 935
205 272
364 251
618 436
547 936
869 305
794 461
499 446
590 728
37 695
527 867
398 9
75 651
858 591
535 673
126 496
458 103
413 597
556 269
430 929
91 328
973 780
8 530
424 608
192 965
673 442
278 27
683 198
175 743
971 305
514 411
195 509
999 99
416 57
890 529
266 468
2 278
441 523
293 909
473 481
281 378
264 72
944 27
119 365
640 46
214 287
244 238
604 217
975 302
865 99
690 211
785 124
814 758
978 563
645 950
274 719
323 261
318 947
942 908
191 674
356 445
809 551
663 817
568 827
960 789
30 982
953 553
221 486
840 926
669 419
412 5
295 160
146 986
150 745
642 758
865 988
678 865
851 229
719 305
189 62
644 635
70 600
417 690
917 337
453 442
104 383
272 622
238 870
711 642
193 426
387 668
101 594
351 162
758 9
615 128
390 886
515 882
962 885
614 636
795 241
124 449
709 427
593 853
446 104
678 545
761 263
134 546
159 573
455 958
974 71
272 597
240 867
121 520
136 685
660 463
28 365
720 889
598 453
79 418
569 904
820 530
979 222
403 670
943 422
340 177
782 605
305 625
350 663
669 910
747 408
495 786
576 182
405 718
506 93
806 83
762 447
99 505
912 588
878 567
337 32
92 22
610 871
477 759
368 902
609 481
678 415
228 103
916 944
985 222
484 804
184 325
965 291
675 722
424 867
59 911
784 920
401 253
51 856
355 529
845 421
429 217
236 952
209 700
945 34
416 523
412 485
714 767
292 950
642 629
94 176
535 478
691 231
865 677
927 195
701 773
687 14
603 957
203 733
508 769
871 439
802 329
252 637
939 76
892 330
61 25
359 799
297 125
228 827
993 751
487 723
30 386
821 542
475 947
26 310
97 496
129 731
244 402
265 922
474 706
25 6
400 82
393 539
483 365
305 239
29 315
62 286
374 359
499 995
371 751
859 122
287 43
487 668
206 340
37 981
749 10
69 88
988 720
163 856
639 530
672 418
233 689
781 117
354 643
336 18
421 278
923 462
366 825
322 591
560 301
762 143
991 315
458 251
158 863
406 42
109 858
846 935
998 425
351 570
892 243
5 763
700 230
900 539
114 871
611 857
740 985
378 829
263 711
449 701
23 188
407 128
681 37
262 721
626 518
997 758
626 691
293 321
783 327
418 328
60 917
490 548
917 947
963 461
242 181
510 246
598 477
662 890
357 841
273 909
377 990
150 326
177 645
313 369
142 781
506 906
504 318
548 467
43 951
489 116
548 362
114 701
545 858
471 991
710 831
740 896
504 36
39 231
649 717
959 275
173 512
90 636
161 322
939 219
756 674
631 330
91 108
323 459
237 2
565 515
918 849
990 11
611 645
434 825
656 339
135 643
420 481
576 998
111 118
231 96
659 447
263 149
937 153
734 77
264 50
727 292
284 822
262 288
210 26
510 815
816 53
898 867
24 581
742 77
790 6
545 666
886 736
513 300
257 745
520 936
601 497
357 406
228 42
404 560
509 663
595 996
289 416
761 121
137 813
480 585
184 2
894 128
115 360
221 843
424 248
972 343
381 36
768 927
464 997
464 944
886 182
436 13
130 564
392 80
970 957
278 689
749 890
135 169
132 684
122 407
534 701
972 462
524 347
310 587
389 665
598 172
725 5
338 2
839 984
504 924
247 491
531 235
235 883
760 633
203 41
978 345
665 565
584 273
643 365
540 212
45 44
108 716
776 610
86 583
469 249
542 490
447 291
192 944
728 107
702 328
590 350
629 254
235 232
908 979
793 452
395 259
486 782
652 192
286 725
123 222
975 369
469 863
668 634
885 302
189 658
350 81
786 7
147 876
727 250
289 964
564 169
946 822
737 146
313 708
274 344
768 734
238 175
929 922
316 935
56 481
876 406
601 521
872 179
651 889
273 91
347 272
779 859
836 554
317 649
337 802
436 828
798 601
248 682
815 756
454 528
608 694
529 621
103 129
790 334
241 357
781 328
416 993
423 334
600 4
697 898
456 838
128 616
125 294
435 467
142 289
885 127
518 641
472 658
537 73
340 933
195 536
112 567
764 404
285 312
803 938
353 343
550 377
909 409
896 208
517 454
48 880
535 805
392 510
156 804
886 248
166 818
699 86
646 272
102 296
256 837
742 533
126 694
953 122
43 287
446 921
151 189
227 810
305 939
344 1
638 546
393 143
947 515
485 322
696 266
5 73
471 327
943 648
549 620
307 862
383 133
304 31
453 319
761 104
950 701
863 591
552 460
676 615
696 960
871 992
501 144
618 879
280 575
641 981
669 800
824 305
524 999
952 367
127 112
30 204
730 731
309 9
690 117
186 326
634 276
322 32
698 373
656 137
142 114
361 100
949 388
824 707
916 959
380 963
206 154
895 484
866 981
934 942
550 35
41 24
461 528
917 681
48 5
423 948
746 664
455 529
843 80
731 223
364 608
834 151
720 456
388 679
292 70
788 579
279 995
251 254
380 41
842 898
337 660
381 347
698 955
741 216
451 543
973 619
246 773
561 681
828 447
709 722
615 297
382 582
336 343
301 407
184 614
42 421
535 782
300 666
758 246
800 598
470 621
983 905
507 581
617 308
409 945
517 229
585 733
165 550
866 663
206 532
256 314
115 79
79 112
824 339
857 766
887 755
151 401
839 920
578 839
648 577
372 984
249 792
52 345
665 541
836 45
798 586
451 624
712 344
336 958
480 973
555 408
743 744
32 183
984 522
636 79
675 18
828 993
262 528
735 355
613 157
19 611
55 377
716 187
828 646
473 519
234 188
146 544
42 230
946 24
868 793
662 448
771 759
574 954
567 287
375 554
54 549
685 125
459 327
533 266
369 76
586 559
803 105
389 7
657 730
987 161
536 667
79 213
297 649
15 898
392 77
240 803
866 623
624 180
249 348
296 156
136 638
311 521
683 561
958 53
438 204
889 628
770 452
852 683
947 482
764 877
937 46
837 176
288 501
846 742
995 671
10 702
916 722
680 930
343 104
759 79
515 938
150 106
904 382
99 497
291 193
843 101
301 640
679 56
529 863
897 585
912 495
268 670
909 765
632 459
432 978
762 869
79 959
976 998
250 845
537 106
787 94
183 658
907 646
852 100
305 81
885 936
259 252
902 916
566 904
312 510
495 830
939 12
104 416
369 137
757 575
615 702
584 137
573 329
735 262
463 697
614 127
936 127
476 106
454 240
515 795
954 976
726 852
52 99
514 494
296 895
485 734
437 498
450 745
112 354
263 611
102 333
124 976
272 157
464 401
369 562
547 51
920 847
284 16
453 532
317 424
937 76
388 362
498 44
258 590
718 788
800 137
113 529
693 243
281 862
914 400
448 412
449 248
84 83
284 277
78 596
41 199
732 910
875 599
372 50
131 420
672 980
129 553
842 365
299 420
537 957
300 826
292 949
442 921
483 175
637 698
362 814
989 121
297 756
695 550
348 736
508 765
950 554
516 389
769 468
803 655
588 210
718 353
267 868
826 533
487 569
571 219
10 656
502 947
147 157
267 466
55 233
44 397
234 253
86 909
686 708
231 782
243 147
695 547
892 275
222 205
807 607
144 212
249 5
623 287
879 356
946 310
213 420
257 733
933 232
795 80
998 563
663 398
171 218
207 503
722 582
460 507
72 985
935 586
402 747
28 695
126 143
59 58
651 183
989 631
530 382
784 322
84 574
47 415
523 677
525 226
459 723
269 332
90 590
903 771
369 880
856 458
237 43
314 439
389 245
49 108
394 42
432 478
18 520
671 665
935 581
966 933
704 632
476 49
317 550
863 33
458 302
636 656
16 583
895 236
561 897
246 464
170 400
264 283
380 849
539 454
458 583
624 392
842 42
216 298
804 50
296 25
758 462
913 363
834 662
141 467
763 297
655 917
815 25
531 1
462 88
172 285
43 194
315 270
580 431
562 577
113 154
621 159
860 935
306 783
125 913
44 168
496 898
996 77
305 139
202 88
889 450
13 804
283 398
532 84
320 915
129 498
204 137
339 974
840 782
302 725
214 931
604 320
842 229
939 334
442 560
730 563
743 132
45 720
992 357
358 264
660 295
5 771
254 969
2 753
569 713
140 205
725 845
208 134
139 643
161 340
316 574
168 392
855 23
763 177
657 54
840 189
589 292
215 886
893 340
786 695
83 426
442 153
768 274
418 729
464 867
658 713
817 691
487 870
788 491
558 118
19 900
458 296
301 919
955 60
236 325
976 939
516 662
910 503
114 812
137 529
881 73
547 786
426 611
67 284
413 769
920 996
76 598
897 132
338 985
119 959
506 860
87 467
335 752
282 846
987 366
202 326
215 811
597 562
770 615
683 473
455 37
635 647
20 782
640 597
784 218
291 584
178 676
947 266
90 69
938 160
771 347
285 295
285 757
112 134
725 956
414 937
389 887
149 444
536 963
799 463
90 646
535 540
945 356
757 62
376 661
130 614
560 300
459 962
860 906
733 266
649 110
296 938
966 625
73 813
987 155
968 203
870 348
556 176
659 155
288 754
221 44
508 265
495 375
464 282
482 676
566 973
647 435
352 410
216 671
983 220
188 742
331 942
252 113
319 444
360 105
316 829
543 870
630 142
385 577
266 484
313 635
929 752
686 45
256 157
969 354
266 175
280 146
734 888
367 935
359 49
811 441
77 917
316 747
660 742
706 798
862 719
693 318
72 52
962 405
130 772
456 264
285 961
385 155
244 665
571 510
3 503
618 54
14 545
42 426
32 655
952 626
770 807
660 638
398 496
449 914
544 210
857 401
614 346
946 790
658 324
945 971
818 865
758 782
256 473
323 982
990 809
819 136
512 392
567 863
51 510
871 542
905 87
997 798
783 792
874 972
730 571
892 309
961 510
36 380
45 884
101 268
16 558
280 589
345 30
608 849
658 351
475 622
806 862
952 166
616 265
89 559
607 616
916 211
559 595
723 915
375 717
984 13
606 60
59 967
456 437
717 374
656 133
328 590
354 971
895 446
865 621
812 455
824 775
149 931
668 866
182 669
175 798
69 182
971 204
790 364
897 292
218 804
395 232
792 870
805 761
976 177
579 72
347 38
38 927
828 24
520 244
398 182
496 860
443 183
548 779
724 577
671 660
650 627
736 281
694 684
684 150
658 411
226 162
514 952
101 170
578 531
70 559
408 55
108 479
246 303
614 323
295 815
144 251
924 600
28 607
265 267
32 44
816 433
145 338
319 855
880 272
157 852
71 570
231 694
175 960
880 657
929 713
898 419
111 427
760 771
153 953
613 867
882 551
536 649
740 751
94 244
600 690
3 91
157 514
578 41
764 580
271 529
16 125
248 339
402 748
924 413
830 418
156 22
527 374
49 566
873 210
844 467
522 767
535 361
429 24
46 866
937 909
766 119
121 752
84 521
56 288
250 690
659 697
399 789
998 903
570 753
595 887
483 774
562 682
85 356
841 345
458 625
432 220
110 721
602 746
936 98
475 894
841 27
207 759
407 515
600 531
553 724
611 180
718 190
694 301
427 695
304 561
492 461
622 749
953 39
67 248
270 721
909 277
802 494
691 107
678 859
893 233
954 957
388 146
582 962
804 360
771 289
169 292
492 578
119 37
705 833
163 803
362 145
935 385
690 634
948 577
90 303
800 328
455 870
42 317
330 552
380 928
175 136
307 279
720 824
424 575
908 176
667 530
623 151
63 750
730 817
336 232
620 301
940 723
753 830
866 640
635 752
449 298
409 366
323 61
996 575
950 324
245 326
321 614
83 405
679 102
202 529
806 474
513 769
946 226
668 437
959 475
66 470
946 79
700 379
121 81
781 722
654 77
562 533
511 554
808 685
245 648
654 92
178 419
794 268
879 640
785 812
772 295
847 44
422 103
725 799
578 327
404 887
233 347
909 522
159 785
84 294
372 960
101 503
162 180
714 800
779 352
454 212
277 423
286 574
30 454
597 988
64 730
780 747
135 947
678 758
991 725
701 904
676 213
985 913
364 995
637 421
311 118
866 653
538 449
995 100
410 615
321 703
301 777
981 243
995 276
867 383
378 168
66 927
263 18
688 666
521 323
307 699
810 494
961 943
62 344
112 362
765 533
67 779
675 174
392 237
364 846
915 71
208 762
685 726
472 206
338 481
303 566
64 679
232 30
332 286
675 312
623 90
455 444
785 879
855 433
125 359
841 49
548 185
138 371
960 835
728 771
836 638
405 59
921 688
809 353
403 819
414 463
214 249
424 727
779 674
720 234
61 469
179 141
695 401
697 80
979 248
988 783
306 613
62 340
610 267
676 335
63 970
903 299
603 240
505 339
503 78
846 73
918 22
670 713
279 813
191 126
511 742
955 33
446 788
688 56
36 824
276 387
865 270
254 463
470 991
577 605
132 909
57 950
723 968
43 637
128 369
889 524
531 294
260 90
269 687
706 792
454 514
14 638
627 576
750 516
489 533
874 278
353 463
16 628
747 998
713 407
678 788
624 409
443 181
782 603
269 965
268 973
38 986
901 980
609 241
273 148
349 985
993 414
993 176
607 902
602 129
348 658
569 486
803 140
262 958
420 427
828 447
461 901
995 855
384 722
524 837
158 40
24 831
47 747
30 616
117 1
995 53
294 529
879 945
764 501
107 110
627 4
719 487
557 149
529 327
933 215
714 185
848 72
402 172
70 587
152 386
928 336
240 289
282 463
585 700
874 482
676 131
54 918
970 131
81 874
913 541
917 726
586 569
927 818
62 303
582 656
528 154
64 9
666 530
592 367
113 791
528 329
673 516
7 757
193 299
237 624
491 929
777 819
79 755
360 564
423 639
501 924
325 975
976 660
51 676
224 681
84 267
729 508
908 296
26 508
782 397
886 742
389 556
623 611
674 455
167 805
617 769
842 525
862 160
36 873
24 908
811 810
823 260
984 354
808 947
754 193
675 704
589 720
552 581
576 654
486 820
927 454
754 647
249 797
400 634
179 41
431 358
859 439
405 693
346 52
883 588
400 241
363 425
732 918
252 46
913 448
407 196
849 254
745 160
962 716
865 587
982 199
392 936
17 754
176 534
617 255
563 460
960 385
658 276
634 894
540 532
354 600
203 483
765 932
964 287
278 494
771 549
245 23
696 220
782 233
16 781
619 969
856 292
308 999
936 267
899 32
318 924
616 355
39 268
930 791
745 24
580 913
952 354
29 628
549 555
22 152
893 297
184 107
17 595
581 533
550 393
129 641
812 801
979 541
64 680
867 450
470 305
868 437
36 57
544 703
268 626
542 994
841 718
733 287
805 386
744 634
756 46
638 64
556 24
798 651
290 443
842 66
176 530
470 379
389 846
526 708
903 704
216 916
751 813
137 32
674 724
490 589
355 408
71 689
651 63
26 759
384 234
835 542
993 963
82 763
663 119
742 266
653 193
492 888
190 486
833 108
705 394
909 437
600 727
373 741
553 884
135 401
716 272
246 452
4 25
812 512
575 149
382 274
755 441
201 403
989 586
495 172
928 384
130 600
548 85
502 150
901 333
202 742
837 228
666 410
345 634
319 316
88 92
73 450
739 158
748 193
631 601
186 319
700 846
998 642
128 292
462 371
624 30
481 845
367 741
582 810
90 684
843 417
457 99
79 932
509 492
644 537
148 123
584 722
51 918
136 787
695 628
766 269
909 593
311 959
66 592
977 754
411 369
728 736
772 173
573 347
746 543
28 422
652 345
413 576
955 423
529 106
465 199
779 541
164 420
868 697
515 677
558 146
396 624
215 508
948 592
994 514
780 38
119 41
933 681
240 533
259 824
639 90
715 658
926 893
19 761
493 110
917 598
656 654
932 579
168 861
914 595
772 591
571 709
850 18
832 351
214 626
55 173
565 772
303 544
883 453
719 797
422 402
957 13
558 263
519 819
157 636
924 120
91 720
949 387
14 739
232 603
396 782
466 102
378 575
846 710
460 500
973 332
785 416
802 335
987 233
792 335
736 11
400 726
415 172
992 915
718 824
195 945
253 430
483 202
560 847
465 55
91 644
435 708
159 992
825 356
832 865
569 991
990 105
903 425
74 382
771 88
426 845
779 893
98 170
662 580
654 654
976 186
330 259
449 254
536 89
304 494
727 180
640 140
738 794
48 302
809 574
858 809
158 906
756 768
662 31
404 506
490 128
153 228
41 662
298 493
558 112
302 358
853 422
256 644
855 369
322 121
14 156
554 658
50 520
448 830
169 86
81 429
897 436
643 9
59 664
281 645
749 869
4 995
530 277
406 40
882 452
763 260
250 449
495 191
755 513
450 388
177 3
240 208
555 387
39 702
669 825
462 442
749 48
571 104
661 348
486 59
301 440
960 294
644 545
931 932
450 516
170 629
791 598
900 973
97 733
573 834
465 786
547 559
669 53
663 795
318 739
610 301
949 980
353 710
768 975
531 588
930 515
789 82
830 108
865 107
439 988
228 981
112 710
743 541
233 210
297 695
501 583
34 961
552 102
800 580
192 34
61 486
584 985
448 263
161 14
300 566
101 431
161 614
31 579
805 392
592 930
458 740
968 610
835 625
619 492
355 206
771 485
179 368
714 570
243 279
